position(start from 0): [7, 8, 10, 11, 12, 13, 17], results: [0.86979, 0.24327, 44.78460, 1.98142, 14.78946, 0.33579, 3.28575]
position(start from 0): [7, 8, 10, 11, 12, 15, 16], results: [0.91832, 0.75219, 43.44408, 2.72742, 15.91023, 0.14868, 32.77983]
position(start from 0): [7, 8, 10, 11, 12, 16, 17], results: [0.91911, 0.78678, 43.31725, 2.82141, 15.04262, 24.26765, 0.57609]
position(start from 0): [7, 8, 11, 12, 15, 16, 18], results: [1.07404, 0.07463, 2.60032, 22.25196, 0.21801, 56.46898, 7.74093]
position(start from 0): [7, 8, 11, 12, 16, 17, 18], results: [1.07452, 0.12818, 2.73850, 20.95442, 43.90343, 0.84356, 7.70784]
position(start from 0): [7, 9, 10, 11, 12, 13, 17], results: [0.89834, 0.03901, 46.33984, 1.76758, 15.77462, 0.19143, 3.97555]
position(start from 0): [7, 9, 10, 11, 12, 15, 16], results: [0.92449, 0.04988, 46.76119, 1.60539, 20.60200, 0.76070, 54.47941]
position(start from 0): [7, 9, 10, 11, 12, 16, 17], results: [0.93124, 0.06436, 46.92353, 1.87291, 16.48825, 7.05663, 3.63576]
position(start from 0): [7, 9, 11, 12, 15, 16, 18], results: [1.07571, 0.00463, 2.49526, 22.73247, 0.27532, 58.65135, 7.79580]
position(start from 0): [7, 9, 11, 12, 16, 17, 18], results: [1.07834, 0.00980, 2.59298, 21.24956, 41.53106, 1.31296, 7.80558]
position(start from 0): [7, 10, 11, 12, 13, 14, 17], results: [0.87784, 44.76073, 1.80187, 15.79228, 0.31746, 0.13251, 3.86493]
position(start from 0): [7, 10, 11, 12, 13, 15, 16], results: [0.86186, 45.64234, 1.36188, 19.98701, 0.35764, 0.89352, 49.57586]
position(start from 0): [7, 10, 11, 12, 13, 15, 17], results: [0.85025, 45.47750, 1.56166, 15.63063, 0.46300, 0.16059, 3.69008]
position(start from 0): [7, 10, 11, 12, 13, 17, 18], results: [0.89537, 35.45345, 1.81252, 16.05347, 0.39596, 3.83059, 1.70717]
position(start from 0): [7, 10, 11, 12, 13, 17, 19], results: [0.88985, 41.26399, 1.80048, 15.92152, 0.31635, 3.86943, 0.56528]
position(start from 0): [7, 10, 11, 12, 13, 17, 20], results: [0.86335, 45.52052, 1.82069, 15.75222, 0.38271, 3.80422, 0.00941]
position(start from 0): [7, 10, 11, 12, 13, 17, 21], results: [0.86283, 44.82570, 1.77729, 14.50781, 0.35711, 3.94423, 0.48933]
position(start from 0): [7, 10, 11, 12, 13, 17, 22], results: [0.86200, 45.43267, 1.81537, 15.76900, 0.34507, 3.82139, 0.08164]
position(start from 0): [7, 10, 11, 12, 13, 17, 23], results: [0.86052, 45.50184, 1.82103, 15.79284, 0.38543, 3.80279, 0.00615]
position(start from 0): [7, 10, 11, 12, 14, 15, 16], results: [0.92871, 43.95802, 1.91006, 20.86147, 0.31482, 0.59451, 55.15672]
position(start from 0): [7, 10, 11, 12, 14, 16, 17], results: [0.93457, 43.47936, 2.17167, 17.89349, 0.38197, 20.44868, 2.67204]
position(start from 0): [7, 10, 11, 12, 15, 16, 19], results: [0.95649, 35.73204, 1.90176, 21.17141, 0.59904, 55.25370, 1.33208]
position(start from 0): [7, 10, 11, 12, 15, 16, 20], results: [0.91945, 45.84831, 2.44419, 21.08422, 0.30317, 56.13938, 0.04029]
position(start from 0): [7, 10, 11, 12, 15, 16, 21], results: [0.90412, 43.61798, 1.99993, 17.38632, 0.54549, 60.36854, 1.54670]
position(start from 0): [7, 10, 11, 12, 15, 16, 22], results: [0.89761, 45.52782, 2.08669, 20.84937, 0.49817, 54.76104, 0.23997]
position(start from 0): [7, 10, 11, 12, 15, 16, 23], results: [0.90888, 45.77240, 2.48312, 21.29416, 0.28169, 56.27904, 0.02721]
position(start from 0): [7, 10, 11, 12, 16, 17, 19], results: [0.96838, 33.47797, 2.16400, 18.24269, 20.24525, 2.69677, 1.61887]
position(start from 0): [7, 10, 11, 12, 16, 17, 20], results: [0.92125, 45.81349, 2.61758, 19.73590, 40.21214, 1.23363, 0.04426]
position(start from 0): [7, 10, 11, 12, 16, 17, 21], results: [0.90467, 43.12098, 2.25311, 14.04172, 30.07527, 2.40934, 1.84420]
position(start from 0): [7, 10, 11, 12, 16, 17, 22], results: [0.89698, 45.41136, 2.32910, 18.44338, 26.58106, 2.16420, 0.28143]
position(start from 0): [7, 10, 11, 12, 16, 17, 23], results: [0.90957, 45.73337, 2.64664, 20.06911, 41.59537, 1.13829, 0.02968]
position(start from 0): [7, 11, 12, 13, 15, 16, 18], results: [1.06943, 2.47013, 22.66927, 0.03394, 0.28902, 58.17656, 7.77810]
position(start from 0): [7, 11, 12, 13, 16, 17, 18], results: [1.06454, 2.54756, 20.94244, 0.07607, 38.55643, 1.45947, 7.76699]
position(start from 0): [7, 11, 12, 14, 15, 16, 18], results: [1.07524, 2.51993, 22.74540, 0.03091, 0.26186, 58.69329, 7.74992]
position(start from 0): [7, 11, 12, 14, 16, 17, 18], results: [1.07713, 2.63292, 21.42103, 0.06204, 43.29512, 1.18413, 7.71253]
position(start from 0): [7, 11, 12, 15, 16, 18, 19], results: [1.07528, 2.50547, 22.74037, 0.26974, 58.62658, 7.57864, 0.15732]
position(start from 0): [7, 11, 12, 15, 16, 18, 20], results: [1.07496, 2.57289, 22.77411, 0.23297, 58.80053, 7.78142, 0.00381]
position(start from 0): [7, 11, 12, 15, 16, 18, 21], results: [1.07269, 2.52835, 22.40040, 0.25727, 59.20584, 7.74400, 0.15291]
position(start from 0): [7, 11, 12, 15, 16, 18, 22], results: [1.07278, 2.53880, 22.75065, 0.25156, 58.66767, 7.77625, 0.02282]
position(start from 0): [7, 11, 12, 15, 16, 18, 23], results: [1.07393, 2.57655, 22.79372, 0.23095, 58.81333, 7.78020, 0.00258]
position(start from 0): [7, 11, 12, 16, 17, 18, 19], results: [1.07733, 2.61003, 21.32805, 42.19699, 1.25796, 7.35563, 0.32567]
position(start from 0): [7, 11, 12, 16, 17, 18, 20], results: [1.07624, 2.70607, 21.73682, 46.55744, 0.94816, 7.77688, 0.00688]
position(start from 0): [7, 11, 12, 16, 17, 18, 21], results: [1.07204, 2.64562, 20.78636, 44.83866, 1.14318, 7.70213, 0.30160]
position(start from 0): [7, 11, 12, 16, 17, 18, 22], results: [1.07223, 2.66078, 21.53168, 44.41431, 1.09426, 7.76619, 0.04407]
position(start from 0): [7, 11, 12, 16, 17, 18, 23], results: [1.07439, 2.71057, 21.78814, 46.77102, 0.93339, 7.77476, 0.00462]
