position(start from 0): [7, 8, 11, 14, 16, 19, 22], results: [0.41277, 6.39658, 2.49684, 0.42242, 1.22420, 0.95441, 1.65806]
position(start from 0): [7, 8, 11, 14, 16, 21, 22], results: [0.45942, 6.17518, 3.83173, 0.29956, 2.20212, 0.77689, 1.38471]
position(start from 0): [7, 8, 11, 15, 16, 19, 22], results: [0.25130, 6.31879, 2.71188, 0.40872, 1.12499, 0.94695, 1.67657]
position(start from 0): [7, 8, 11, 15, 16, 21, 22], results: [0.34440, 6.12112, 3.97716, 0.29051, 2.12617, 0.77257, 1.39938]
position(start from 0): [8, 9, 11, 14, 16, 19, 22], results: [4.78341, 1.27008, 1.79286, 0.83146, 0.96069, 0.98651, 1.87283]
position(start from 0): [8, 9, 11, 14, 16, 21, 22], results: [4.36450, 1.41903, 3.09535, 0.75196, 1.94446, 0.80608, 1.61439]
position(start from 0): [8, 9, 11, 15, 16, 19, 22], results: [5.57321, 0.56082, 2.49298, 0.58348, 0.96621, 0.95793, 1.77931]
position(start from 0): [8, 9, 11, 15, 16, 21, 22], results: [5.09178, 0.77189, 3.69606, 0.52916, 1.92361, 0.78490, 1.53637]
position(start from 0): [8, 10, 11, 14, 16, 19, 22], results: [6.48152, 0.02289, 1.97224, 0.79984, 1.35203, 0.94630, 1.76424]
position(start from 0): [8, 10, 11, 14, 16, 21, 22], results: [6.27172, 0.02545, 3.23577, 0.72040, 2.33502, 0.76954, 1.50536]
position(start from 0): [8, 10, 11, 15, 16, 19, 22], results: [6.32576, 0.01032, 2.56189, 0.57347, 1.14267, 0.94027, 1.73193]
position(start from 0): [8, 10, 11, 15, 16, 21, 22], results: [6.13255, 0.01411, 3.75995, 0.51684, 2.14069, 0.76513, 1.47772]
position(start from 0): [8, 11, 12, 14, 16, 19, 22], results: [6.41603, 1.92690, 0.16017, 0.81236, 1.19699, 0.94412, 1.79865]
position(start from 0): [8, 11, 12, 14, 16, 21, 22], results: [6.19946, 3.18213, 0.17806, 0.73453, 2.16015, 0.76757, 1.54427]
position(start from 0): [8, 11, 12, 15, 16, 19, 22], results: [6.29537, 2.54574, 0.07165, 0.57748, 1.07185, 0.93926, 1.74709]
position(start from 0): [8, 11, 12, 15, 16, 21, 22], results: [6.09132, 3.73611, 0.09789, 0.52241, 2.04246, 0.76400, 1.49881]
position(start from 0): [8, 11, 13, 14, 16, 19, 22], results: [6.46425, 2.01916, 0.01466, 0.79770, 1.36931, 0.93760, 1.76351]
position(start from 0): [8, 11, 13, 14, 16, 21, 22], results: [6.25468, 3.27499, 0.01628, 0.71884, 2.34418, 0.76169, 1.50719]
position(start from 0): [8, 11, 13, 15, 16, 19, 22], results: [6.31814, 2.58238, 0.00662, 0.57277, 1.15073, 0.93635, 1.73164]
position(start from 0): [8, 11, 13, 15, 16, 21, 22], results: [6.12325, 3.78109, 0.00904, 0.51622, 2.14601, 0.76077, 1.47877]
position(start from 0): [8, 11, 14, 16, 17, 19, 22], results: [6.46356, 1.97507, 0.62017, 1.04588, 0.02705, 0.97767, 1.86092]
position(start from 0): [8, 11, 14, 16, 17, 21, 22], results: [6.24391, 3.28568, 0.51694, 2.02970, 0.03019, 0.79802, 1.60368]
position(start from 0): [8, 11, 14, 16, 18, 19, 22], results: [6.47773, 1.64640, 0.83347, 0.83936, 0.12859, 1.00367, 1.90734]
position(start from 0): [8, 11, 14, 16, 18, 21, 22], results: [6.25325, 2.95674, 0.75267, 1.82777, 0.14396, 0.82178, 1.64800]
position(start from 0): [8, 11, 14, 16, 19, 20, 22], results: [6.47763, 1.79434, 0.71195, 0.95383, 0.98919, 0.10247, 1.88070]
position(start from 0): [8, 11, 14, 16, 19, 22, 23], results: [6.53782, 1.71028, 0.83824, 0.87675, 0.99938, 1.90551, 0.03992]
position(start from 0): [8, 11, 14, 16, 20, 21, 22], results: [6.25675, 3.10095, 0.61815, 1.93978, 0.11452, 0.80853, 1.62240]
position(start from 0): [8, 11, 14, 16, 21, 22, 23], results: [6.32156, 3.02195, 0.75839, 1.86489, 0.81785, 1.64718, 0.04467]
position(start from 0): [8, 11, 15, 16, 17, 19, 22], results: [6.33452, 2.49519, 0.50718, 1.00933, 0.01392, 0.95711, 1.78541]
position(start from 0): [8, 11, 15, 16, 17, 21, 22], results: [6.13984, 3.69770, 0.42424, 1.98182, 0.01915, 0.78398, 1.54505]
position(start from 0): [8, 11, 15, 16, 18, 19, 22], results: [6.32120, 2.42914, 0.58410, 0.91271, 0.05670, 0.96546, 1.79443]
position(start from 0): [8, 11, 15, 16, 18, 21, 22], results: [6.11911, 3.62100, 0.52943, 1.86016, 0.07828, 0.79342, 1.55460]
position(start from 0): [8, 11, 15, 16, 19, 20, 22], results: [6.33211, 2.44537, 0.54321, 0.96254, 0.96119, 0.04919, 1.78955]
position(start from 0): [8, 11, 15, 16, 19, 22, 23], results: [6.34722, 2.45919, 0.58557, 0.92933, 0.96348, 1.79334, 0.01755]
position(start from 0): [8, 11, 15, 16, 20, 21, 22], results: [6.13538, 3.63609, 0.47341, 1.92304, 0.06780, 0.78858, 1.54933]
position(start from 0): [8, 11, 15, 16, 21, 22, 23], results: [6.15557, 3.65907, 0.53161, 1.88040, 0.79117, 1.55378, 0.02421]
